bn 2 595.86954805 178.251667894 104.651118392 
bn 4 560.661628251 213.459587694 111.02073595 
bn 6 540.795003212 233.326212733 118.767466939 
bn 8 516.630912016 257.490303929 128.050172552 
iv 2 713.609277925 60.5119380191 473.321143847 
iv 4 681.453848442 92.6673675022 185.04206096 
iv 6 661.007952043 113.113263901 142.307376957 
iv 8 633.402855992 140.718359952 145.02345227 
uti 2 724.265361508 49.8558544362 28.3339030378 
uti 4 683.44030175 89.6115358944 43.0680688715 
uti 6 669.052064665 103.99977298 55.1157216907 
uti 8 630.522163844 142.5296738 77.4701209928 
st 2 708.644526654 65.4766892901 480.23538489 
st 4 677.697864945 96.4233509997 187.691867995 
st 6 660.143805848 113.977410096 137.765202036 
st 8 630.93927988 143.181936064 143.816791381 
