bn 10 172.27874436 70.5064955061 58.969471846 
bn 12 164.156540995 78.6286988711 65.5038609323 
bn 14 155.774805802 87.0104340645 69.6353213787 
bn 16 157.095531183 85.6897086836 69.5256802887 
iv 10 197.849181564 44.9360583021 42.9301960558 
iv 12 178.887994463 63.8972454036 60.9671987361 
iv 14 177.370557967 65.414681899 63.7092798835 
iv 16 178.339119734 64.446120132 62.2606045525 
uti 10 196.345909873 46.4393299935 43.1242706837 
uti 12 187.242967071 55.5422727955 51.4001642546 
uti 14 183.070896655 59.7143432115 55.9758858476 
uti 16 178.907930479 63.8773093875 62.0579087721 
st 10 197.754323427 45.0309164391 41.4107511113 
st 12 181.631292552 61.1539473141 55.8632105261 
st 14 177.904120157 64.8811197095 59.8412159965 
st 16 179.695784051 63.0894558155 57.221355629 
