bn 0.0 0.5 0 0 0 
bn 0.5 1.0 20.2223760011 0.31246874 0.48694052 
bn 1.0 1.5 129.730471577 13.0966837885 8.545399668 
bn 1.5 2.0 117.291418349 24.5917195345 18.00613217 
bn 2.0 2.5 133.275639827 32.230513153 28.1860590205 
bn 2.5 3.0 95.2673767431 17.122402589 14.940568665 
bn 3.0 3.5 82.7415482337 37.397760407 34.7986477808 
bn 3.5 4.0 52.0941888722 7.900907899 6.6387050195 
bn 4.0 4.5 6.8157541345 1.725921991 1.65809029 
bn 4.5 5.0 10.634232134 4.590288144 4.002510935 
bn 5.0 5.5 8.046400914 4.167656716 6.044000778 
iv 0.0 0.5 0 0 0 
iv 0.5 1.0 20.1073548221 0.427489919 1.1184108635 
iv 1.0 1.5 139.932211286 2.894944079 3.4310229538 
iv 1.5 2.0 129.161524897 12.721612986 13.3915888323 
iv 2.0 2.5 145.212057985 20.2940949955 20.7155533203 
iv 2.5 3.0 98.9874242581 13.402355074 13.2159382418 
iv 3.0 3.5 95.5923369437 24.546971697 22.6777264573 
iv 3.5 4.0 55.2572617162 4.737835055 4.1915249395 
iv 4.0 4.5 7.9300286155 0.61164751 0.6076341 
iv 4.5 5.0 12.184088338 3.04043194 2.48060466 
iv 5.0 5.5 11.98688811 0.22716952 0 
uti 0.0 0.5 0 0 0 
uti 0.5 1.0 20.1073548221 0.427489919 0.4171259645 
uti 1.0 1.5 139.862461798 2.964693567 3.9775445678 
uti 1.5 2.0 135.455135949 6.428001934 4.8819712568 
uti 2.0 2.5 151.666816351 13.8393366295 12.0122334538 
uti 2.5 3.0 104.160393239 8.229386093 8.1920003708 
uti 3.0 3.5 99.8997713867 20.239537254 18.6029220048 
uti 3.5 4.0 54.4362763082 5.558820463 5.495529171 
uti 4.0 4.5 8.5416761255 0 0 
uti 4.5 5.0 12.184088338 3.04043194 2.48060466 
uti 5.0 5.5 11.98688811 0.22716952 0 
st 0.0 0.5 0 0 0 
st 0.5 1.0 20.1073548221 0.427489919 0.4171259645 
st 1.0 1.5 139.447357136 3.379798229 3.8904784158 
st 1.5 2.0 128.1076882 13.775449683 13.0365796003 
st 2.0 2.5 145.351795431 20.1543575495 20.5846746213 
st 2.5 3.0 100.975868208 11.413911124 11.4641208608 
st 3.0 3.5 95.5160479377 24.623260703 22.7260208173 
st 3.5 4.0 55.2572617162 4.737835055 4.1915249395 
st 4.0 4.5 7.9300286155 0.61164751 0.6076341 
st 4.5 5.0 14.172532288 1.05198799 0.728787279 
st 5.0 5.5 11.98688811 0.22716952 0 
