ut 2 185.678490055 14.1354423822 17.1617862571
ut 4 181.618480629 18.1954518075 21.1238039786
ut 6 178.616119885 21.1978125515 22.0247551701
ut 8 167.949566069 31.864366368 32.4313347256
bn 2 173.161383484 26.6525489525 25.686525231
bn 4 172.722334089 27.091598348 24.2886655545
bn 6 156.493530732 43.3204017045 35.9691195993
bn 8 153.74215848 46.071773957 37.362744462
iv 2 187.479103588 12.334828849 12.8803473273
iv 4 185.678847816 14.135084621 15.2043359763
iv 6 174.88647582 24.927456617 23.8408853806
iv 8 168.306749748 31.5071826885 29.9044356843
uti 2 193.04765114 6.766281297 6.9664332123
uti 4 193.114301007 6.69963143 6.5769257348
uti 6 176.194276601 23.619655836 20.8132360886
uti 8 175.94463368 23.8692987565 21.7033364138
st 2 186.348977885 13.464954552 13.2749173543
st 4 187.807029212 12.006903225 12.6203549973
st 6 174.88647582 24.927456617 23.1396004816
st 8 169.810339548 30.0035928885 28.6120737653
