bn 0.0 0.5 0 0 0 
bn 0.5 1.0 46.5341344526 1.774353769 1.835729388 
bn 1.0 1.5 461.921154391 43.1019073865 29.0543981993 
bn 1.5 2.0 1031.90730516 216.251244521 152.080530714 
bn 2.0 2.5 1231.6979126 331.912192503 266.185048677 
bn 2.5 3.0 1050.54463415 265.964970787 232.539164511 
bn 3.0 3.5 844.504449962 266.676459104 237.35658709 
bn 3.5 4.0 429.764003818 116.097497446 103.922027142 
bn 4.0 4.5 247.60515297 72.440038415 67.7605461515 
bn 4.5 5.0 122.345747986 42.399776722 37.549630153 
bn 5.0 5.5 88.943863587 32.244605033 41.77505258 
bn 5.5 6.0 35.540078244 13.316152276 22.392824549 
bn 6.0 6.5 0 0 0 
bn 6.5 7.0 0 0 0 
bn 7.0 7.5 0 0 0 
bn 7.5 8.0 0 0 0 
bn 8.0 8.5 0 0 0 
bn 8.5 9.0 0 0 0 
bn 9.0 9.5 0 0 0 
iv 0.0 0.5 0 0 0 
iv 0.5 1.0 47.5475004426 0.760987779 2.1825536605 
iv 1.0 1.5 492.448983106 12.574078672 20.0439662907 
iv 1.5 2.0 1121.55275514 126.60579455 131.81054781 
iv 2.0 2.5 1342.64286881 220.967236293 225.713311404 
iv 2.5 3.0 1142.06506586 174.444539079 177.917325388 
iv 3.0 3.5 933.99379196 177.187117106 168.531593899 
iv 3.5 4.0 478.748718182 67.112783082 60.1091357414 
iv 4.0 4.5 280.580415345 39.46477604 34.0334949265 
iv 4.5 5.0 150.483374051 14.262150657 10.928515257 
iv 5.0 5.5 114.691233921 6.497234699 4.607448625 
iv 5.5 6.0 47.94755244 0.90867808 0 
iv 6.0 6.5 0 0 0 
iv 6.5 7.0 0 0 0 
iv 7.0 7.5 0 0 0 
iv 7.5 8.0 0 0 0 
iv 8.0 8.5 0 0 0 
iv 8.5 9.0 0 0 0 
iv 9.0 9.5 0 0 0 
uti 0.0 0.5 0 0 0 
uti 0.5 1.0 47.5475004426 0.760987779 0.7799838625 
uti 1.0 1.5 496.102175355 8.920886423 10.3545328367 
uti 1.5 2.0 1158.96042692 89.1981227615 79.0687312303 
uti 2.0 2.5 1381.7792826 181.830822503 171.847246891 
uti 2.5 3.0 1182.11473387 134.394871074 131.456842483 
uti 3.0 3.5 939.372918862 171.807990204 159.259644734 
uti 3.5 4.0 484.340086764 61.5214145 57.0118112916 
uti 4.0 4.5 285.954632097 34.090559288 29.2058592475 
uti 4.5 5.0 153.024290831 11.721233877 8.589625068 
uti 5.0 5.5 115.059549141 6.128919479 4.216066753 
uti 5.5 6.0 47.94755244 0.90867808 0 
uti 6.0 6.5 0 0 0 
uti 6.5 7.0 0 0 0 
uti 7.0 7.5 0 0 0 
uti 7.5 8.0 0 0 0 
uti 8.0 8.5 0 0 0 
uti 8.5 9.0 0 0 0 
uti 9.0 9.5 0 0 0 
st 0.0 0.5 0 0 0 
st 0.5 1.0 47.5475004426 0.760987779 0.7799838625 
st 1.0 1.5 491.964128956 13.058932822 17.0273068387 
st 1.5 2.0 1120.27352318 127.885026501 117.493253456 
st 2.0 2.5 1347.60960679 216.000498308 212.819691286 
st 2.5 3.0 1141.56899687 174.940608067 175.021322023 
st 3.0 3.5 941.317890418 169.863018648 160.722794479 
st 3.5 4.0 488.591990396 57.269510868 51.2161168274 
st 4.0 4.5 290.522635095 29.52255629 25.2744080215 
st 4.5 5.0 151.967683302 12.777841406 9.868016261 
st 5.0 5.5 117.41900395 3.76946467 1.953632293 
st 5.5 6.0 47.94755244 0.90867808 0 
st 6.0 6.5 0 0 0 
st 6.5 7.0 0 0 0 
st 7.0 7.5 0 0 0 
st 7.5 8.0 0 0 0 
st 8.0 8.5 0 0 0 
st 8.5 9.0 0 0 0 
st 9.0 9.5 0 0 0 
